downsampling_rate,frame_length_in_s,dbFSthres,duration_thres,Accuracy,Avg Latency
16000,0.0001,-120,0.0001,0.88111,9.8455
16000,0.0001,-120,0.0002,0.88111,9.9154
16000,0.0001,-120,0.0003,0.88111,9.9409
16000,0.0001,-120,0.0004,0.88111,10.002
16000,0.0001,-120,0.0005,0.88111,9.8104
16000,0.0001,-120,0.0006,0.88111,9.4985
16000,0.0001,-120,0.0007,0.88111,9.5023
16000,0.0001,-120,0.0008,0.88111,9.5091
16000,0.0001,-120,0.0009,0.88,9.4755
16000,0.0001,-120,0.001,0.88,9.4292
16000,0.0001,-110,0.0001,0.88,9.4834
16000,0.0001,-110,0.0002,0.88,9.4594
16000,0.0001,-110,0.0003,0.88,9.5979
16000,0.0001,-110,0.0004,0.88,9.4734
16000,0.0001,-110,0.0005,0.88,9.6427
16000,0.0001,-110,0.0006,0.88,9.5204
16000,0.0001,-110,0.0007,0.88,9.4625
16000,0.0001,-110,0.0008,0.88,9.5443
16000,0.0001,-110,0.0009,0.88,9.5071
16000,0.0001,-110,0.001,0.88,9.4729
16000,0.0001,-100,0.0001,0.88,9.4256
16000,0.0001,-100,0.0002,0.88,9.5137
16000,0.0001,-100,0.0003,0.88,9.6756
16000,0.0001,-100,0.0004,0.88,9.5161
16000,0.0001,-100,0.0005,0.88,9.4213
16000,0.0001,-100,0.0006,0.88,9.5681
16000,0.0001,-100,0.0007,0.88,9.4363
16000,0.0001,-100,0.0008,0.88,9.4155
16000,0.0001,-100,0.0009,0.88,9.4575
16000,0.0001,-100,0.001,0.88,9.496
16000,0.0001,-90,0.0001,0.98667,9.5703
16000,0.0001,-90,0.0002,0.98778,9.5417
16000,0.0001,-90,0.0003,0.98889,9.4664
16000,0.0001,-90,0.0004,0.99,9.527
16000,0.0001,-90,0.0005,0.99,9.6252
16000,0.0001,-90,0.0006,0.99,9.4705
16000,0.0001,-90,0.0007,0.98889,9.593
16000,0.0001,-90,0.0008,0.98889,9.6209
16000,0.0001,-90,0.0009,0.98889,9.5616
16000,0.0001,-90,0.001,0.98889,9.526
16000,0.0001,-80,0.0001,0.98556,9.6415
16000,0.0001,-80,0.0002,0.98667,9.7307
16000,0.0001,-80,0.0003,0.98667,9.6913
16000,0.0001,-80,0.0004,0.98667,9.5875
16000,0.0001,-80,0.0005,0.98667,9.5863
16000,0.0001,-80,0.0006,0.98556,9.4215
16000,0.0001,-80,0.0007,0.98556,9.7272
16000,0.0001,-80,0.0008,0.98556,9.8956
16000,0.0001,-80,0.0009,0.98556,11.18
16000,0.0001,-80,0.001,0.98556,9.8528
16000,0.0002,-120,0.0001,0.88889,10.618
16000,0.0002,-120,0.0002,0.88111,10.648
16000,0.0002,-120,0.0003,0.88111,10.616
16000,0.0002,-120,0.0004,0.88111,10.645
16000,0.0002,-120,0.0005,0.88111,10.675
16000,0.0002,-120,0.0006,0.88111,10.635
16000,0.0002,-120,0.0007,0.88111,10.712
16000,0.0002,-120,0.0008,0.88,10.632
16000,0.0002,-120,0.0009,0.88,10.611
16000,0.0002,-120,0.001,0.88,10.502
16000,0.0002,-110,0.0001,0.88889,10.45
16000,0.0002,-110,0.0002,0.88,10.31
16000,0.0002,-110,0.0003,0.88,10.283
16000,0.0002,-110,0.0004,0.88,10.238
16000,0.0002,-110,0.0005,0.88,10.259
16000,0.0002,-110,0.0006,0.88,10.257
16000,0.0002,-110,0.0007,0.88,10.182
16000,0.0002,-110,0.0008,0.88,10.252
16000,0.0002,-110,0.0009,0.88,10.301
16000,0.0002,-110,0.001,0.88,10.3
16000,0.0002,-100,0.0001,0.88889,10.235
16000,0.0002,-100,0.0002,0.88,10.141
16000,0.0002,-100,0.0003,0.88,10.339
16000,0.0002,-100,0.0004,0.88,10.204
16000,0.0002,-100,0.0005,0.88,10.263
16000,0.0002,-100,0.0006,0.88,10.299
16000,0.0002,-100,0.0007,0.88,10.293
16000,0.0002,-100,0.0008,0.88,10.283
16000,0.0002,-100,0.0009,0.88,10.209
16000,0.0002,-100,0.001,0.88,10.198
16000,0.0002,-90,0.0001,0.88889,10.217
16000,0.0002,-90,0.0002,0.98778,10.165
16000,0.0002,-90,0.0003,0.98778,10.326
16000,0.0002,-90,0.0004,0.98778,10.208
16000,0.0002,-90,0.0005,0.98778,10.313
16000,0.0002,-90,0.0006,0.98889,10.35
16000,0.0002,-90,0.0007,0.98889,10.34
16000,0.0002,-90,0.0008,0.98778,10.259
16000,0.0002,-90,0.0009,0.98778,10.265
16000,0.0002,-90,0.001,0.98778,10.349
16000,0.0002,-80,0.0001,0.88889,10.315
16000,0.0002,-80,0.0002,0.98667,10.474
16000,0.0002,-80,0.0003,0.98667,10.516
16000,0.0002,-80,0.0004,0.98667,10.6
16000,0.0002,-80,0.0005,0.98667,10.44
16000,0.0002,-80,0.0006,0.98556,10.539
16000,0.0002,-80,0.0007,0.98556,10.481
16000,0.0002,-80,0.0008,0.98556,10.787
16000,0.0002,-80,0.0009,0.98556,10.581
16000,0.0002,-80,0.001,0.98333,10.645
16000,0.0003,-120,0.0001,0.88889,10.126
16000,0.0003,-120,0.0002,0.88889,10.11
16000,0.0003,-120,0.0003,0.88,10.137
16000,0.0003,-120,0.0004,0.88,10.045
16000,0.0003,-120,0.0005,0.88,9.862
16000,0.0003,-120,0.0006,0.88,9.8576
16000,0.0003,-120,0.0007,0.88,9.8199
16000,0.0003,-120,0.0008,0.88,9.7721
16000,0.0003,-120,0.0009,0.88,9.8818
16000,0.0003,-120,0.001,0.88,10.205
16000,0.0003,-110,0.0001,0.88889,10.164
16000,0.0003,-110,0.0002,0.88889,10.182
16000,0.0003,-110,0.0003,0.89444,10.239
16000,0.0003,-110,0.0004,0.89444,10.445
16000,0.0003,-110,0.0005,0.89444,10.388
16000,0.0003,-110,0.0006,0.92778,10.353
16000,0.0003,-110,0.0007,0.92778,10.217
16000,0.0003,-110,0.0008,0.92778,10.254
16000,0.0003,-110,0.0009,0.92778,10.228
16000,0.0003,-110,0.001,0.98333,10.305
16000,0.0003,-100,0.0001,0.88889,10.263
16000,0.0003,-100,0.0002,0.88889,9.8768
16000,0.0003,-100,0.0003,0.98889,10.008
16000,0.0003,-100,0.0004,0.98889,10.129
16000,0.0003,-100,0.0005,0.98889,10.04
16000,0.0003,-100,0.0006,0.98778,10.133
16000,0.0003,-100,0.0007,0.98778,10.262
16000,0.0003,-100,0.0008,0.98778,10.057
16000,0.0003,-100,0.0009,0.98778,10.089
16000,0.0003,-100,0.001,0.98667,10.139
16000,0.0003,-90,0.0001,0.88889,10.109
16000,0.0003,-90,0.0002,0.88889,10.089
16000,0.0003,-90,0.0003,0.98333,10.263
16000,0.0003,-90,0.0004,0.98333,10.072
16000,0.0003,-90,0.0005,0.98333,10.184
16000,0.0003,-90,0.0006,0.98111,9.9425
16000,0.0003,-90,0.0007,0.98111,9.7809
16000,0.0003,-90,0.0008,0.98111,9.8955
16000,0.0003,-90,0.0009,0.98111,9.8055
16000,0.0003,-90,0.001,0.98111,9.8452
16000,0.0003,-80,0.0001,0.88889,9.9673
16000,0.0003,-80,0.0002,0.88889,9.84
16000,0.0003,-80,0.0003,0.97444,9.8574
16000,0.0003,-80,0.0004,0.97444,9.8295
16000,0.0003,-80,0.0005,0.97444,9.886
16000,0.0003,-80,0.0006,0.97333,9.805
16000,0.0003,-80,0.0007,0.97333,9.7604
16000,0.0003,-80,0.0008,0.97333,9.8342
16000,0.0003,-80,0.0009,0.97333,9.8405
16000,0.0003,-80,0.001,0.96889,9.7624
16000,0.0004,-120,0.0001,0.88889,10.48
16000,0.0004,-120,0.0002,0.88889,10.562
16000,0.0004,-120,0.0003,0.88889,10.492
16000,0.0004,-120,0.0004,0.88667,10.387
16000,0.0004,-120,0.0005,0.88667,10.454
16000,0.0004,-120,0.0006,0.88667,10.437
16000,0.0004,-120,0.0007,0.88667,10.454
16000,0.0004,-120,0.0008,0.97889,10.531
16000,0.0004,-120,0.0009,0.97889,10.363
16000,0.0004,-120,0.001,0.97889,10.467
16000,0.0004,-110,0.0001,0.88889,10.771
16000,0.0004,-110,0.0002,0.88889,10.544
16000,0.0004,-110,0.0003,0.88889,10.424
16000,0.0004,-110,0.0004,0.98667,10.511
16000,0.0004,-110,0.0005,0.98667,10.57
16000,0.0004,-110,0.0006,0.98667,10.54
16000,0.0004,-110,0.0007,0.98667,10.497
16000,0.0004,-110,0.0008,0.98778,10.619
16000,0.0004,-110,0.0009,0.98778,10.466
16000,0.0004,-110,0.001,0.98778,10.584
16000,0.0004,-100,0.0001,0.88889,10.526
16000,0.0004,-100,0.0002,0.88889,10.435
16000,0.0004,-100,0.0003,0.88889,10.47
16000,0.0004,-100,0.0004,0.98444,10.816
16000,0.0004,-100,0.0005,0.98444,10.984
16000,0.0004,-100,0.0006,0.98444,10.982
16000,0.0004,-100,0.0007,0.98444,10.866
16000,0.0004,-100,0.0008,0.98444,10.89
16000,0.0004,-100,0.0009,0.98444,10.916
16000,0.0004,-100,0.001,0.98444,11.01
16000,0.0004,-90,0.0001,0.88889,10.906
16000,0.0004,-90,0.0002,0.88889,10.799
16000,0.0004,-90,0.0003,0.88889,10.876
16000,0.0004,-90,0.0004,0.97667,10.951
16000,0.0004,-90,0.0005,0.97667,10.804
16000,0.0004,-90,0.0006,0.97667,10.78
16000,0.0004,-90,0.0007,0.97667,10.564
16000,0.0004,-90,0.0008,0.97333,10.494
16000,0.0004,-90,0.0009,0.97333,10.763
16000,0.0004,-90,0.001,0.97333,10.616
16000,0.0004,-80,0.0001,0.88889,10.456
16000,0.0004,-80,0.0002,0.88889,10.388
16000,0.0004,-80,0.0003,0.88889,10.445
16000,0.0004,-80,0.0004,0.95111,10.643
16000,0.0004,-80,0.0005,0.95111,10.449
16000,0.0004,-80,0.0006,0.95111,10.465
16000,0.0004,-80,0.0007,0.95111,10.48
16000,0.0004,-80,0.0008,0.94667,10.474
16000,0.0004,-80,0.0009,0.94667,10.48
16000,0.0004,-80,0.001,0.94667,10.631
16000,0.0005,-120,0.0001,0.88889,9.7425
16000,0.0005,-120,0.0002,0.88889,9.7258
16000,0.0005,-120,0.0003,0.88889,9.7218
16000,0.0005,-120,0.0004,0.88889,9.6787
16000,0.0005,-120,0.0005,0.98444,9.7009
16000,0.0005,-120,0.0006,0.98444,9.6998
16000,0.0005,-120,0.0007,0.98444,9.8586
16000,0.0005,-120,0.0008,0.98444,9.6662
16000,0.0005,-120,0.0009,0.98444,9.7115
16000,0.0005,-120,0.001,0.98444,9.6777
16000,0.0005,-110,0.0001,0.88889,9.7436
16000,0.0005,-110,0.0002,0.88889,9.7382
16000,0.0005,-110,0.0003,0.88889,9.8167
16000,0.0005,-110,0.0004,0.88889,9.7283
16000,0.0005,-110,0.0005,0.98778,9.7907
16000,0.0005,-110,0.0006,0.98778,9.8151
16000,0.0005,-110,0.0007,0.98778,9.7349
16000,0.0005,-110,0.0008,0.98778,9.7782
16000,0.0005,-110,0.0009,0.98778,9.6663
16000,0.0005,-110,0.001,0.98556,9.7384
16000,0.0005,-100,0.0001,0.88889,10.053
16000,0.0005,-100,0.0002,0.88889,10.167
16000,0.0005,-100,0.0003,0.88889,9.9718
16000,0.0005,-100,0.0004,0.88889,10.077
16000,0.0005,-100,0.0005,0.98111,10.088
16000,0.0005,-100,0.0006,0.98111,10.244
16000,0.0005,-100,0.0007,0.98111,10.356
16000,0.0005,-100,0.0008,0.98111,10.132
16000,0.0005,-100,0.0009,0.98111,10.196
16000,0.0005,-100,0.001,0.97778,10.088
16000,0.0005,-90,0.0001,0.88889,10.068
16000,0.0005,-90,0.0002,0.88889,10.011
16000,0.0005,-90,0.0003,0.88889,10.132
16000,0.0005,-90,0.0004,0.88889,9.921
16000,0.0005,-90,0.0005,0.96667,9.656
16000,0.0005,-90,0.0006,0.96667,9.6957
16000,0.0005,-90,0.0007,0.96667,9.786
16000,0.0005,-90,0.0008,0.96667,9.6651
16000,0.0005,-90,0.0009,0.96667,9.7105
16000,0.0005,-90,0.001,0.96333,9.6633
16000,0.0005,-80,0.0001,0.88889,9.689
16000,0.0005,-80,0.0002,0.88889,9.6716
16000,0.0005,-80,0.0003,0.88889,9.6054
16000,0.0005,-80,0.0004,0.88889,9.7223
16000,0.0005,-80,0.0005,0.94333,9.7577
16000,0.0005,-80,0.0006,0.94333,9.7421
16000,0.0005,-80,0.0007,0.94333,9.6956
16000,0.0005,-80,0.0008,0.94333,9.7639
16000,0.0005,-80,0.0009,0.94333,9.7734
16000,0.0005,-80,0.001,0.93333,9.7595
16000,0.0006,-120,0.0001,0.88889,11.002
16000,0.0006,-120,0.0002,0.88889,11.308
16000,0.0006,-120,0.0003,0.88889,11.413
16000,0.0006,-120,0.0004,0.88889,11.452
16000,0.0006,-120,0.0005,0.88889,11.421
16000,0.0006,-120,0.0006,0.88,11.423
16000,0.0006,-120,0.0007,0.88,11.366
16000,0.0006,-120,0.0008,0.88,11.405
16000,0.0006,-120,0.0009,0.88,11.558
16000,0.0006,-120,0.001,0.88,11.362
16000,0.0006,-110,0.0001,0.88889,11.297
16000,0.0006,-110,0.0002,0.88889,11.428
16000,0.0006,-110,0.0003,0.88889,11.343
16000,0.0006,-110,0.0004,0.88889,11.113
16000,0.0006,-110,0.0005,0.88889,11.097
16000,0.0006,-110,0.0006,0.98667,10.982
16000,0.0006,-110,0.0007,0.98667,11.238
16000,0.0006,-110,0.0008,0.98667,11.4
16000,0.0006,-110,0.0009,0.98667,12.306
16000,0.0006,-110,0.001,0.98667,12.353
16000,0.0006,-100,0.0001,0.88889,12.181
16000,0.0006,-100,0.0002,0.88889,12.268
16000,0.0006,-100,0.0003,0.88889,13.515
16000,0.0006,-100,0.0004,0.88889,13.367
16000,0.0006,-100,0.0005,0.88889,12.795
16000,0.0006,-100,0.0006,0.98778,12.584
16000,0.0006,-100,0.0007,0.98778,11.614
16000,0.0006,-100,0.0008,0.98778,12.154
16000,0.0006,-100,0.0009,0.98778,12.269
16000,0.0006,-100,0.001,0.98778,12.976
16000,0.0006,-90,0.0001,0.88889,12.925
16000,0.0006,-90,0.0002,0.88889,12.593
16000,0.0006,-90,0.0003,0.88889,12.142
16000,0.0006,-90,0.0004,0.88889,12.083
16000,0.0006,-90,0.0005,0.88889,11.917
16000,0.0006,-90,0.0006,0.97778,12.086
16000,0.0006,-90,0.0007,0.97778,11.171
16000,0.0006,-90,0.0008,0.97778,11.218
16000,0.0006,-90,0.0009,0.97778,11.224
16000,0.0006,-90,0.001,0.97778,11.299
16000,0.0006,-80,0.0001,0.88889,11.221
16000,0.0006,-80,0.0002,0.88889,11.222
16000,0.0006,-80,0.0003,0.88889,11.223
16000,0.0006,-80,0.0004,0.88889,11.191
16000,0.0006,-80,0.0005,0.88889,11.124
16000,0.0006,-80,0.0006,0.95778,11.311
16000,0.0006,-80,0.0007,0.95778,11.21
16000,0.0006,-80,0.0008,0.95778,11.571
16000,0.0006,-80,0.0009,0.95778,12.332
16000,0.0006,-80,0.001,0.95778,12.311
16000,0.0007,-120,0.0001,0.88889,11.727
16000,0.0007,-120,0.0002,0.88889,11.541
16000,0.0007,-120,0.0003,0.88889,12.139
16000,0.0007,-120,0.0004,0.88889,12.324
16000,0.0007,-120,0.0005,0.88889,12.067
16000,0.0007,-120,0.0006,0.88889,12.04
16000,0.0007,-120,0.0007,0.98222,12.161
16000,0.0007,-120,0.0008,0.98222,11.257
16000,0.0007,-120,0.0009,0.98222,11.21
16000,0.0007,-120,0.001,0.98222,11.1
16000,0.0007,-110,0.0001,0.88889,11.046
16000,0.0007,-110,0.0002,0.88889,11.071
16000,0.0007,-110,0.0003,0.88889,11.007
16000,0.0007,-110,0.0004,0.88889,11.008
16000,0.0007,-110,0.0005,0.88889,11.025
16000,0.0007,-110,0.0006,0.88889,10.791
16000,0.0007,-110,0.0007,0.98778,10.716
16000,0.0007,-110,0.0008,0.98778,10.771
16000,0.0007,-110,0.0009,0.98778,10.682
16000,0.0007,-110,0.001,0.98778,10.827
16000,0.0007,-100,0.0001,0.88889,11.084
16000,0.0007,-100,0.0002,0.88889,10.81
16000,0.0007,-100,0.0003,0.88889,10.787
16000,0.0007,-100,0.0004,0.88889,10.68
16000,0.0007,-100,0.0005,0.88889,10.804
16000,0.0007,-100,0.0006,0.88889,10.758
16000,0.0007,-100,0.0007,0.98222,10.826
16000,0.0007,-100,0.0008,0.98222,10.698
16000,0.0007,-100,0.0009,0.98222,10.897
16000,0.0007,-100,0.001,0.98222,10.801
16000,0.0007,-90,0.0001,0.88889,10.722
16000,0.0007,-90,0.0002,0.88889,10.746
16000,0.0007,-90,0.0003,0.88889,10.719
16000,0.0007,-90,0.0004,0.88889,10.792
16000,0.0007,-90,0.0005,0.88889,10.732
16000,0.0007,-90,0.0006,0.88889,10.758
16000,0.0007,-90,0.0007,0.97333,10.776
16000,0.0007,-90,0.0008,0.97333,10.696
16000,0.0007,-90,0.0009,0.97333,10.739
16000,0.0007,-90,0.001,0.97333,10.749
16000,0.0007,-80,0.0001,0.88889,10.703
16000,0.0007,-80,0.0002,0.88889,10.924
16000,0.0007,-80,0.0003,0.88889,10.78
16000,0.0007,-80,0.0004,0.88889,10.803
16000,0.0007,-80,0.0005,0.88889,10.65
16000,0.0007,-80,0.0006,0.88889,10.739
16000,0.0007,-80,0.0007,0.94667,10.757
16000,0.0007,-80,0.0008,0.94667,10.765
16000,0.0007,-80,0.0009,0.94667,10.78
16000,0.0007,-80,0.001,0.94667,10.585
16000,0.0008,-120,0.0001,0.88889,10.531
16000,0.0008,-120,0.0002,0.88889,10.691
16000,0.0008,-120,0.0003,0.88889,10.598
16000,0.0008,-120,0.0004,0.88889,10.615
16000,0.0008,-120,0.0005,0.88889,10.531
16000,0.0008,-120,0.0006,0.88889,10.612
16000,0.0008,-120,0.0007,0.88889,10.671
16000,0.0008,-120,0.0008,0.98667,10.519
16000,0.0008,-120,0.0009,0.98667,10.601
16000,0.0008,-120,0.001,0.98667,10.737
16000,0.0008,-110,0.0001,0.88889,11.04
16000,0.0008,-110,0.0002,0.88889,11.166
16000,0.0008,-110,0.0003,0.88889,11.003
16000,0.0008,-110,0.0004,0.88889,11.075
16000,0.0008,-110,0.0005,0.88889,10.95
16000,0.0008,-110,0.0006,0.88889,10.933
16000,0.0008,-110,0.0007,0.88889,10.936
16000,0.0008,-110,0.0008,0.98556,11.084
16000,0.0008,-110,0.0009,0.98556,10.914
16000,0.0008,-110,0.001,0.98556,10.981
16000,0.0008,-100,0.0001,0.88889,10.988
16000,0.0008,-100,0.0002,0.88889,10.934
16000,0.0008,-100,0.0003,0.88889,10.929
16000,0.0008,-100,0.0004,0.88889,10.951
16000,0.0008,-100,0.0005,0.88889,10.886
16000,0.0008,-100,0.0006,0.88889,10.994
16000,0.0008,-100,0.0007,0.88889,10.964
16000,0.0008,-100,0.0008,0.97444,10.969
16000,0.0008,-100,0.0009,0.97444,10.861
16000,0.0008,-100,0.001,0.97444,10.972
16000,0.0008,-90,0.0001,0.88889,11.018
16000,0.0008,-90,0.0002,0.88889,11.134
16000,0.0008,-90,0.0003,0.88889,10.992
16000,0.0008,-90,0.0004,0.88889,10.679
16000,0.0008,-90,0.0005,0.88889,10.544
16000,0.0008,-90,0.0006,0.88889,10.725
16000,0.0008,-90,0.0007,0.88889,10.68
16000,0.0008,-90,0.0008,0.95444,10.613
16000,0.0008,-90,0.0009,0.95444,10.842
16000,0.0008,-90,0.001,0.95444,11.013
16000,0.0008,-80,0.0001,0.88889,10.854
16000,0.0008,-80,0.0002,0.88889,10.884
16000,0.0008,-80,0.0003,0.88889,10.955
16000,0.0008,-80,0.0004,0.88889,10.983
16000,0.0008,-80,0.0005,0.88889,10.903
16000,0.0008,-80,0.0006,0.88889,10.986
16000,0.0008,-80,0.0007,0.88889,11.001
16000,0.0008,-80,0.0008,0.91778,10.963
16000,0.0008,-80,0.0009,0.91778,11.038
16000,0.0008,-80,0.001,0.91778,10.917
16000,0.0009,-120,0.0001,0.88889,10.76
16000,0.0009,-120,0.0002,0.88889,10.634
16000,0.0009,-120,0.0003,0.88889,10.885
16000,0.0009,-120,0.0004,0.88889,10.829
16000,0.0009,-120,0.0005,0.88889,10.841
16000,0.0009,-120,0.0006,0.88889,10.716
16000,0.0009,-120,0.0007,0.88889,10.756
16000,0.0009,-120,0.0008,0.88889,10.759
16000,0.0009,-120,0.0009,0.98778,10.811
16000,0.0009,-120,0.001,0.98778,10.814
16000,0.0009,-110,0.0001,0.88889,10.87
16000,0.0009,-110,0.0002,0.88889,10.801
16000,0.0009,-110,0.0003,0.88889,10.896
16000,0.0009,-110,0.0004,0.88889,10.883
16000,0.0009,-110,0.0005,0.88889,10.869
16000,0.0009,-110,0.0006,0.88889,10.789
16000,0.0009,-110,0.0007,0.88889,10.504
16000,0.0009,-110,0.0008,0.88889,10.6
16000,0.0009,-110,0.0009,0.98222,10.542
16000,0.0009,-110,0.001,0.98222,10.576
16000,0.0009,-100,0.0001,0.88889,10.64
16000,0.0009,-100,0.0002,0.88889,10.577
16000,0.0009,-100,0.0003,0.88889,10.501
16000,0.0009,-100,0.0004,0.88889,10.564
16000,0.0009,-100,0.0005,0.88889,10.581
16000,0.0009,-100,0.0006,0.88889,10.589
16000,0.0009,-100,0.0007,0.88889,10.644
16000,0.0009,-100,0.0008,0.88889,10.486
16000,0.0009,-100,0.0009,0.97222,10.595
16000,0.0009,-100,0.001,0.97222,10.489
16000,0.0009,-90,0.0001,0.88889,10.506
16000,0.0009,-90,0.0002,0.88889,10.489
16000,0.0009,-90,0.0003,0.88889,10.419
16000,0.0009,-90,0.0004,0.88889,10.486
16000,0.0009,-90,0.0005,0.88889,10.504
16000,0.0009,-90,0.0006,0.88889,10.458
16000,0.0009,-90,0.0007,0.88889,10.5
16000,0.0009,-90,0.0008,0.88889,10.415
16000,0.0009,-90,0.0009,0.95,10.513
16000,0.0009,-90,0.001,0.95,10.483
16000,0.0009,-80,0.0001,0.88889,10.404
16000,0.0009,-80,0.0002,0.88889,10.539
16000,0.0009,-80,0.0003,0.88889,10.493
16000,0.0009,-80,0.0004,0.88889,10.486
16000,0.0009,-80,0.0005,0.88889,10.476
16000,0.0009,-80,0.0006,0.88889,10.548
16000,0.0009,-80,0.0007,0.88889,10.564
16000,0.0009,-80,0.0008,0.88889,10.498
16000,0.0009,-80,0.0009,0.90556,10.499
16000,0.0009,-80,0.001,0.90556,10.48
16000,0.001,-120,0.0001,0.88889,9.7543
16000,0.001,-120,0.0002,0.88889,10.038
16000,0.001,-120,0.0003,0.88889,9.9905
16000,0.001,-120,0.0004,0.88889,10.017
16000,0.001,-120,0.0005,0.88889,9.892
16000,0.001,-120,0.0006,0.88889,10.003
16000,0.001,-120,0.0007,0.88889,10.184
16000,0.001,-120,0.0008,0.88889,9.9792
16000,0.001,-120,0.0009,0.88889,9.8866
16000,0.001,-120,0.001,0.98667,9.9681
16000,0.001,-110,0.0001,0.88889,10.01
16000,0.001,-110,0.0002,0.88889,10.15
16000,0.001,-110,0.0003,0.88889,10.056
16000,0.001,-110,0.0004,0.88889,9.9798
16000,0.001,-110,0.0005,0.88889,9.7365
16000,0.001,-110,0.0006,0.88889,9.6839
16000,0.001,-110,0.0007,0.88889,9.6393
16000,0.001,-110,0.0008,0.88889,9.5315
16000,0.001,-110,0.0009,0.88889,9.689
16000,0.001,-110,0.001,0.98111,9.7611
16000,0.001,-100,0.0001,0.88889,9.8896
16000,0.001,-100,0.0002,0.88889,9.9801
16000,0.001,-100,0.0003,0.88889,9.961
16000,0.001,-100,0.0004,0.88889,10.023
16000,0.001,-100,0.0005,0.88889,10.066
16000,0.001,-100,0.0006,0.88889,10.002
16000,0.001,-100,0.0007,0.88889,9.9217
16000,0.001,-100,0.0008,0.88889,9.9698
16000,0.001,-100,0.0009,0.88889,9.8501
16000,0.001,-100,0.001,0.97222,9.9212
16000,0.001,-90,0.0001,0.88889,10.066
16000,0.001,-90,0.0002,0.88889,10.071
16000,0.001,-90,0.0003,0.88889,9.6841
16000,0.001,-90,0.0004,0.88889,9.6166
16000,0.001,-90,0.0005,0.88889,9.6447
16000,0.001,-90,0.0006,0.88889,11.126
16000,0.001,-90,0.0007,0.88889,10.297
16000,0.001,-90,0.0008,0.88889,9.925
16000,0.001,-90,0.0009,0.88889,9.9201
16000,0.001,-90,0.001,0.95111,10.055
16000,0.001,-80,0.0001,0.88889,10.061
16000,0.001,-80,0.0002,0.88889,12.999
16000,0.001,-80,0.0003,0.88889,13.746
16000,0.001,-80,0.0004,0.88889,13.463
16000,0.001,-80,0.0005,0.88889,12.23
16000,0.001,-80,0.0006,0.88889,9.7937
16000,0.001,-80,0.0007,0.88889,9.6508
16000,0.001,-80,0.0008,0.88889,11.155
16000,0.001,-80,0.0009,0.88889,10.4
16000,0.001,-80,0.001,0.90556,9.8891
