downsampling_rate,frame_length_in_s,dbFSthres,duration_thres,Accuracy,Avg Latency
16000,0.0001,-120,0.02,0.88,9.1832
16000,0.0001,-120,0.04,0.87889,8.8938
16000,0.0001,-120,0.06,0.87889,8.972
16000,0.0001,-120,0.08,0.87889,9.0808
16000,0.0001,-120,0.1,0.87778,9.2295
16000,0.0001,-120,0.12,0.87667,9.2289
16000,0.0001,-120,0.14,0.87667,9.0348
16000,0.0001,-120,0.16,0.87556,8.9171
16000,0.0001,-120,0.18,0.87111,8.9435
16000,0.0001,-120,0.2,0.86778,9.6833
16000,0.0001,-110,0.02,0.88,9.6158
16000,0.0001,-110,0.04,0.87889,9.1591
16000,0.0001,-110,0.06,0.87667,9.011
16000,0.0001,-110,0.08,0.87444,9.1398
16000,0.0001,-110,0.1,0.87333,9.2902
16000,0.0001,-110,0.12,0.87111,10.203
16000,0.0001,-110,0.14,0.87,10.201
16000,0.0001,-110,0.16,0.86444,9.1461
16000,0.0001,-110,0.18,0.85556,8.9743
16000,0.0001,-110,0.2,0.85333,9.0666
16000,0.0001,-100,0.02,0.87778,8.8998
16000,0.0001,-100,0.04,0.87333,9.0697
16000,0.0001,-100,0.06,0.87222,8.7365
16000,0.0001,-100,0.08,0.86889,8.8347
16000,0.0001,-100,0.1,0.86667,8.8925
16000,0.0001,-100,0.12,0.86333,8.7714
16000,0.0001,-100,0.14,0.85667,8.673
16000,0.0001,-100,0.16,0.84889,8.7803
16000,0.0001,-100,0.18,0.84222,8.8325
16000,0.0001,-100,0.2,0.83,8.8585
16000,0.0001,-90,0.02,0.98111,8.9593
16000,0.0001,-90,0.04,0.98,8.9443
16000,0.0001,-90,0.06,0.97667,9.1683
16000,0.0001,-90,0.08,0.96889,9.2834
16000,0.0001,-90,0.1,0.95889,9.1629
16000,0.0001,-90,0.12,0.94889,9.1701
16000,0.0001,-90,0.14,0.93444,8.9713
16000,0.0001,-90,0.16,0.91778,9.096
16000,0.0001,-90,0.18,0.90222,8.9594
16000,0.0001,-90,0.2,0.88111,8.7339
16000,0.0001,-80,0.02,0.97222,8.7625
16000,0.0001,-80,0.04,0.96,8.7691
16000,0.0001,-80,0.06,0.94889,8.8243
16000,0.0001,-80,0.08,0.93556,8.7256
16000,0.0001,-80,0.1,0.91667,8.8676
16000,0.0001,-80,0.12,0.89444,8.9271
16000,0.0001,-80,0.14,0.88111,8.7457
16000,0.0001,-80,0.16,0.85333,8.9876
16000,0.0001,-80,0.18,0.82333,9.0569
16000,0.0001,-80,0.2,0.79222,8.8949
16000,0.0002,-120,0.02,0.87889,9.638
16000,0.0002,-120,0.04,0.87889,9.666
16000,0.0002,-120,0.06,0.87889,9.6436
16000,0.0002,-120,0.08,0.87667,9.6927
16000,0.0002,-120,0.1,0.87556,9.5588
16000,0.0002,-120,0.12,0.87,9.4175
16000,0.0002,-120,0.14,0.86333,9.4541
16000,0.0002,-120,0.16,0.86,9.4909
16000,0.0002,-120,0.18,0.85111,9.6913
16000,0.0002,-120,0.2,0.84111,9.5362
16000,0.0002,-110,0.02,0.87889,9.4589
16000,0.0002,-110,0.04,0.87667,9.3867
16000,0.0002,-110,0.06,0.87444,9.6898
16000,0.0002,-110,0.08,0.87111,9.7468
16000,0.0002,-110,0.1,0.86667,9.6612
16000,0.0002,-110,0.12,0.85556,9.5816
16000,0.0002,-110,0.14,0.85,9.6415
16000,0.0002,-110,0.16,0.84111,9.6963
16000,0.0002,-110,0.18,0.82111,9.5604
16000,0.0002,-110,0.2,0.80556,9.6415
16000,0.0002,-100,0.02,0.87444,9.5523
16000,0.0002,-100,0.04,0.87111,9.6608
16000,0.0002,-100,0.06,0.86778,9.7206
16000,0.0002,-100,0.08,0.86333,9.8197
16000,0.0002,-100,0.1,0.85222,9.8056
16000,0.0002,-100,0.12,0.84222,9.7074
16000,0.0002,-100,0.14,0.82,10.006
16000,0.0002,-100,0.16,0.78889,10.238
16000,0.0002,-100,0.18,0.76222,10.298
16000,0.0002,-100,0.2,0.74,10.334
16000,0.0002,-90,0.02,0.98,10.354
16000,0.0002,-90,0.04,0.97667,10.402
16000,0.0002,-90,0.06,0.96444,9.9334
16000,0.0002,-90,0.08,0.94889,9.8454
16000,0.0002,-90,0.1,0.93444,10.051
16000,0.0002,-90,0.12,0.90222,9.9131
16000,0.0002,-90,0.14,0.87222,9.9543
16000,0.0002,-90,0.16,0.83444,9.8867
16000,0.0002,-90,0.18,0.79889,9.8493
16000,0.0002,-90,0.2,0.75111,9.758
16000,0.0002,-80,0.02,0.96778,9.9069
16000,0.0002,-80,0.04,0.94889,9.8582
16000,0.0002,-80,0.06,0.93,10.023
16000,0.0002,-80,0.08,0.89333,10.128
16000,0.0002,-80,0.1,0.86667,10.262
16000,0.0002,-80,0.12,0.82667,10.541
16000,0.0002,-80,0.14,0.77333,10.385
16000,0.0002,-80,0.16,0.72222,10.161
16000,0.0002,-80,0.18,0.68333,9.9104
16000,0.0002,-80,0.2,0.62444,9.9528
16000,0.0003,-120,0.02,0.88889,9.3973
16000,0.0003,-120,0.04,0.94889,9.2689
16000,0.0003,-120,0.06,0.97,9.3519
16000,0.0003,-120,0.08,0.97222,9.3832
16000,0.0003,-120,0.1,0.97111,9.3694
16000,0.0003,-120,0.12,0.97111,9.3754
16000,0.0003,-120,0.14,0.96,9.5714
16000,0.0003,-120,0.16,0.95444,9.7022
16000,0.0003,-120,0.18,0.94778,9.5444
16000,0.0003,-120,0.2,0.93667,9.8293
16000,0.0003,-110,0.02,0.98556,9.6231
16000,0.0003,-110,0.04,0.98222,9.7992
16000,0.0003,-110,0.06,0.97778,9.2701
16000,0.0003,-110,0.08,0.97333,9.265
16000,0.0003,-110,0.1,0.96778,9.3858
16000,0.0003,-110,0.12,0.95333,9.1069
16000,0.0003,-110,0.14,0.94222,9.2412
16000,0.0003,-110,0.16,0.92444,9.0416
16000,0.0003,-110,0.18,0.90222,8.9603
16000,0.0003,-110,0.2,0.87444,8.8784
16000,0.0003,-100,0.02,0.97556,9.0267
16000,0.0003,-100,0.04,0.96889,9.102
16000,0.0003,-100,0.06,0.95778,9.3388
16000,0.0003,-100,0.08,0.94,9.2965
16000,0.0003,-100,0.1,0.92,9.4561
16000,0.0003,-100,0.12,0.89778,9.5001
16000,0.0003,-100,0.14,0.88111,9.5914
16000,0.0003,-100,0.16,0.85444,9.3645
16000,0.0003,-100,0.18,0.81667,9.016
16000,0.0003,-100,0.2,0.78333,9.1568
16000,0.0003,-90,0.02,0.95889,9.1587
16000,0.0003,-90,0.04,0.93,8.9923
16000,0.0003,-90,0.06,0.91333,9.0738
16000,0.0003,-90,0.08,0.88889,8.891
16000,0.0003,-90,0.1,0.86111,8.9324
16000,0.0003,-90,0.12,0.82778,8.9316
16000,0.0003,-90,0.14,0.78556,9.1955
16000,0.0003,-90,0.16,0.74111,9.3299
16000,0.0003,-90,0.18,0.70444,9.4179
16000,0.0003,-90,0.2,0.65,9.4077
16000,0.0003,-80,0.02,0.91556,9.2109
16000,0.0003,-80,0.04,0.87111,9.3925
16000,0.0003,-80,0.06,0.83556,9.3438
16000,0.0003,-80,0.08,0.8,9.2057
16000,0.0003,-80,0.1,0.74778,9.1383
16000,0.0003,-80,0.12,0.69222,9.0175
16000,0.0003,-80,0.14,0.64333,8.9478
16000,0.0003,-80,0.16,0.59556,9.1558
16000,0.0003,-80,0.18,0.54778,9.0693
16000,0.0003,-80,0.2,0.50667,9.2116
16000,0.0004,-120,0.02,0.98667,9.8106
16000,0.0004,-120,0.04,0.98556,9.8911
16000,0.0004,-120,0.06,0.98333,10.197
16000,0.0004,-120,0.08,0.97667,10.191
16000,0.0004,-120,0.1,0.97444,10.118
16000,0.0004,-120,0.12,0.96222,10.174
16000,0.0004,-120,0.14,0.95111,10.104
16000,0.0004,-120,0.16,0.93889,9.9962
16000,0.0004,-120,0.18,0.92889,9.8035
16000,0.0004,-120,0.2,0.90667,9.8348
16000,0.0004,-110,0.02,0.98222,9.9243
16000,0.0004,-110,0.04,0.97556,9.7724
16000,0.0004,-110,0.06,0.97111,9.8633
16000,0.0004,-110,0.08,0.95667,9.7673
16000,0.0004,-110,0.1,0.94333,9.8952
16000,0.0004,-110,0.12,0.92889,9.8346
16000,0.0004,-110,0.14,0.90667,9.7003
16000,0.0004,-110,0.16,0.88111,9.7883
16000,0.0004,-110,0.18,0.84111,9.7782
16000,0.0004,-110,0.2,0.81556,9.8038
16000,0.0004,-100,0.02,0.96778,9.7159
16000,0.0004,-100,0.04,0.94778,9.8529
16000,0.0004,-100,0.06,0.93333,9.6902
16000,0.0004,-100,0.08,0.90778,9.6019
16000,0.0004,-100,0.1,0.89,9.4762
16000,0.0004,-100,0.12,0.85667,9.5146
16000,0.0004,-100,0.14,0.82556,9.6591
16000,0.0004,-100,0.16,0.78778,9.6173
16000,0.0004,-100,0.18,0.75222,9.6265
16000,0.0004,-100,0.2,0.71444,9.6387
16000,0.0004,-90,0.02,0.92889,9.5833
16000,0.0004,-90,0.04,0.9,9.7883
16000,0.0004,-90,0.06,0.86778,9.7831
16000,0.0004,-90,0.08,0.84,9.7598
16000,0.0004,-90,0.1,0.80111,9.5828
16000,0.0004,-90,0.12,0.75444,9.5673
16000,0.0004,-90,0.14,0.70667,9.6801
16000,0.0004,-90,0.16,0.66111,9.6155
16000,0.0004,-90,0.18,0.60889,9.6767
16000,0.0004,-90,0.2,0.55222,9.6695
16000,0.0004,-80,0.02,0.87222,9.6691
16000,0.0004,-80,0.04,0.82667,9.6317
16000,0.0004,-80,0.06,0.77667,9.6351
16000,0.0004,-80,0.08,0.71778,9.6289
16000,0.0004,-80,0.1,0.66444,9.4928
16000,0.0004,-80,0.12,0.60889,9.7716
16000,0.0004,-80,0.14,0.55556,10.072
16000,0.0004,-80,0.16,0.50444,10.062
16000,0.0004,-80,0.18,0.45556,10.147
16000,0.0004,-80,0.2,0.41556,10.074
16000,0.0005,-120,0.02,0.98444,9.2384
16000,0.0005,-120,0.04,0.98222,9.2392
16000,0.0005,-120,0.06,0.97667,9.0494
16000,0.0005,-120,0.08,0.97333,9.1125
16000,0.0005,-120,0.1,0.96556,9.0202
16000,0.0005,-120,0.12,0.95,9.1633
16000,0.0005,-120,0.14,0.93889,9.0582
16000,0.0005,-120,0.16,0.92778,8.8693
16000,0.0005,-120,0.18,0.90667,8.7665
16000,0.0005,-120,0.2,0.87667,8.7232
16000,0.0005,-110,0.02,0.97556,8.7296
16000,0.0005,-110,0.04,0.96889,9.0515
16000,0.0005,-110,0.06,0.95889,9.2085
16000,0.0005,-110,0.08,0.94333,9.2598
16000,0.0005,-110,0.1,0.93111,9.2196
16000,0.0005,-110,0.12,0.91,9.2003
16000,0.0005,-110,0.14,0.88,9.2186
16000,0.0005,-110,0.16,0.85,9.1213
16000,0.0005,-110,0.18,0.81778,9.1403
16000,0.0005,-110,0.2,0.78778,9.0768
16000,0.0005,-100,0.02,0.95444,8.9826
16000,0.0005,-100,0.04,0.93556,9.1121
16000,0.0005,-100,0.06,0.91778,8.933
16000,0.0005,-100,0.08,0.89,9.0983
16000,0.0005,-100,0.1,0.85889,9.1053
16000,0.0005,-100,0.12,0.82778,9.317
16000,0.0005,-100,0.14,0.79111,9.0758
16000,0.0005,-100,0.16,0.75333,8.9659
16000,0.0005,-100,0.18,0.70667,9.0341
16000,0.0005,-100,0.2,0.66,8.91
16000,0.0005,-90,0.02,0.91667,11.185
16000,0.0005,-90,0.04,0.87556,10.943
16000,0.0005,-90,0.06,0.84889,9.9639
16000,0.0005,-90,0.08,0.80667,9.3753
16000,0.0005,-90,0.1,0.76111,9.1395
16000,0.0005,-90,0.12,0.71,9.3421
16000,0.0005,-90,0.14,0.65778,9.2323
16000,0.0005,-90,0.16,0.60333,9.2301
16000,0.0005,-90,0.18,0.55,9.4246
16000,0.0005,-90,0.2,0.5,9.6975
16000,0.0005,-80,0.02,0.84556,9.6999
16000,0.0005,-80,0.04,0.79333,9.5059
16000,0.0005,-80,0.06,0.73778,9.5074
16000,0.0005,-80,0.08,0.68,9.3134
16000,0.0005,-80,0.1,0.60556,9.5431
16000,0.0005,-80,0.12,0.56444,9.3033
16000,0.0005,-80,0.14,0.49667,9.1261
16000,0.0005,-80,0.16,0.45111,9.0905
16000,0.0005,-80,0.18,0.40444,8.8085
16000,0.0005,-80,0.2,0.35111,9.0112
16000,0.0006,-120,0.02,0.87778,10.377
16000,0.0006,-120,0.04,0.88333,10.328
16000,0.0006,-120,0.06,0.92444,10.272
16000,0.0006,-120,0.08,0.95,10.154
16000,0.0006,-120,0.1,0.95333,10.302
16000,0.0006,-120,0.12,0.95778,10.344
16000,0.0006,-120,0.14,0.95444,13.327
16000,0.0006,-120,0.16,0.95111,11.23
16000,0.0006,-120,0.18,0.94,10.394
16000,0.0006,-120,0.2,0.93111,10.684
16000,0.0006,-110,0.02,0.98556,10.941
16000,0.0006,-110,0.04,0.98222,10.196
16000,0.0006,-110,0.06,0.97556,10.137
16000,0.0006,-110,0.08,0.97333,10.217
16000,0.0006,-110,0.1,0.96222,10.425
16000,0.0006,-110,0.12,0.94778,10.297
16000,0.0006,-110,0.14,0.93889,10.292
16000,0.0006,-110,0.16,0.92333,10.297
16000,0.0006,-110,0.18,0.89889,10.328
16000,0.0006,-110,0.2,0.87222,10.308
16000,0.0006,-100,0.02,0.97556,10.679
16000,0.0006,-100,0.04,0.96444,10.637
16000,0.0006,-100,0.06,0.95444,10.409
16000,0.0006,-100,0.08,0.94,10.558
16000,0.0006,-100,0.1,0.92,10.457
16000,0.0006,-100,0.12,0.90111,10.421
16000,0.0006,-100,0.14,0.87556,10.23
16000,0.0006,-100,0.16,0.84111,10.193
16000,0.0006,-100,0.18,0.80444,10.341
16000,0.0006,-100,0.2,0.77333,10.236
16000,0.0006,-90,0.02,0.94889,10.365
16000,0.0006,-90,0.04,0.92444,10.311
16000,0.0006,-90,0.06,0.90667,10.373
16000,0.0006,-90,0.08,0.87667,10.288
16000,0.0006,-90,0.1,0.84667,10.348
16000,0.0006,-90,0.12,0.81,10.459
16000,0.0006,-90,0.14,0.77111,10.454
16000,0.0006,-90,0.16,0.73111,10.366
16000,0.0006,-90,0.18,0.69444,10.417
16000,0.0006,-90,0.2,0.64667,10.498
16000,0.0006,-80,0.02,0.89667,10.295
16000,0.0006,-80,0.04,0.85778,10.315
16000,0.0006,-80,0.06,0.82778,10.487
16000,0.0006,-80,0.08,0.78556,10.372
16000,0.0006,-80,0.1,0.73667,10.381
16000,0.0006,-80,0.12,0.68222,10.259
16000,0.0006,-80,0.14,0.64333,10.29
16000,0.0006,-80,0.16,0.58333,10.272
16000,0.0006,-80,0.18,0.53667,10.354
16000,0.0006,-80,0.2,0.49111,10.427
16000,0.0007,-120,0.02,0.98667,10.196
16000,0.0007,-120,0.04,0.98556,10.154
16000,0.0007,-120,0.06,0.98333,10.151
16000,0.0007,-120,0.08,0.98,10.062
16000,0.0007,-120,0.1,0.97444,9.9871
16000,0.0007,-120,0.12,0.96667,9.9719
16000,0.0007,-120,0.14,0.95444,10.14
16000,0.0007,-120,0.16,0.94222,9.9906
16000,0.0007,-120,0.18,0.93222,10.108
16000,0.0007,-120,0.2,0.91556,10.083
16000,0.0007,-110,0.02,0.98222,10.06
16000,0.0007,-110,0.04,0.97556,9.9943
16000,0.0007,-110,0.06,0.97111,10.051
16000,0.0007,-110,0.08,0.96111,10.06
16000,0.0007,-110,0.1,0.95222,10.176
16000,0.0007,-110,0.12,0.93889,10.226
16000,0.0007,-110,0.14,0.92,10.38
16000,0.0007,-110,0.16,0.89444,10.471
16000,0.0007,-110,0.18,0.85889,10.363
16000,0.0007,-110,0.2,0.83,10.257
16000,0.0007,-100,0.02,0.96556,10.262
16000,0.0007,-100,0.04,0.95,10.272
16000,0.0007,-100,0.06,0.93667,10.104
16000,0.0007,-100,0.08,0.91889,10.117
16000,0.0007,-100,0.1,0.90111,9.9521
16000,0.0007,-100,0.12,0.86444,10.091
16000,0.0007,-100,0.14,0.83333,10.154
16000,0.0007,-100,0.16,0.80333,10.787
16000,0.0007,-100,0.18,0.77111,10.556
16000,0.0007,-100,0.2,0.73778,10.187
16000,0.0007,-90,0.02,0.93111,9.967
16000,0.0007,-90,0.04,0.90667,10.274
16000,0.0007,-90,0.06,0.87111,10.314
16000,0.0007,-90,0.08,0.84667,10.121
16000,0.0007,-90,0.1,0.81556,10.181
16000,0.0007,-90,0.12,0.76667,10.151
16000,0.0007,-90,0.14,0.72556,10.26
16000,0.0007,-90,0.16,0.68444,10.127
16000,0.0007,-90,0.18,0.63222,9.9564
16000,0.0007,-90,0.2,0.58778,10.008
16000,0.0007,-80,0.02,0.86778,9.9881
16000,0.0007,-80,0.04,0.83111,10.189
16000,0.0007,-80,0.06,0.78444,10.259
16000,0.0007,-80,0.08,0.74111,10.268
16000,0.0007,-80,0.1,0.67778,10.3
16000,0.0007,-80,0.12,0.62889,10.168
16000,0.0007,-80,0.14,0.57778,10.312
16000,0.0007,-80,0.16,0.52444,10.19
16000,0.0007,-80,0.18,0.47667,10.056
16000,0.0007,-80,0.2,0.44,9.923
16000,0.0008,-120,0.02,0.98333,9.7328
16000,0.0008,-120,0.04,0.97889,9.8306
16000,0.0008,-120,0.06,0.97222,9.78
16000,0.0008,-120,0.08,0.96222,9.7838
16000,0.0008,-120,0.1,0.95667,9.7687
16000,0.0008,-120,0.12,0.94444,9.5977
16000,0.0008,-120,0.14,0.93556,9.9749
16000,0.0008,-120,0.16,0.92222,10.835
16000,0.0008,-120,0.18,0.90333,11.191
16000,0.0008,-120,0.2,0.87667,10.358
16000,0.0008,-110,0.02,0.97,10.703
16000,0.0008,-110,0.04,0.95556,10.345
16000,0.0008,-110,0.06,0.94778,10.019
16000,0.0008,-110,0.08,0.94,9.9144
16000,0.0008,-110,0.1,0.92222,9.8325
16000,0.0008,-110,0.12,0.91111,9.7887
16000,0.0008,-110,0.14,0.87889,9.6384
16000,0.0008,-110,0.16,0.84778,9.7596
16000,0.0008,-110,0.18,0.81333,9.774
16000,0.0008,-110,0.2,0.78556,9.9637
16000,0.0008,-100,0.02,0.94444,10.144
16000,0.0008,-100,0.04,0.92778,9.9308
16000,0.0008,-100,0.06,0.9,9.8507
16000,0.0008,-100,0.08,0.87111,9.8
16000,0.0008,-100,0.1,0.84667,9.8667
16000,0.0008,-100,0.12,0.81667,9.7226
16000,0.0008,-100,0.14,0.78444,9.6352
16000,0.0008,-100,0.16,0.74889,9.6618
16000,0.0008,-100,0.18,0.71556,9.6988
16000,0.0008,-100,0.2,0.66111,9.6943
16000,0.0008,-90,0.02,0.89111,9.7745
16000,0.0008,-90,0.04,0.85222,10.046
16000,0.0008,-90,0.06,0.83,10.172
16000,0.0008,-90,0.08,0.79111,10.737
16000,0.0008,-90,0.1,0.75,10.325
16000,0.0008,-90,0.12,0.69778,10.242
16000,0.0008,-90,0.14,0.64556,10.313
16000,0.0008,-90,0.16,0.60333,10.051
16000,0.0008,-90,0.18,0.55,10.073
16000,0.0008,-90,0.2,0.50333,9.9224
16000,0.0008,-80,0.02,0.81444,9.7271
16000,0.0008,-80,0.04,0.75556,9.6918
16000,0.0008,-80,0.06,0.70222,9.7031
16000,0.0008,-80,0.08,0.64444,9.6907
16000,0.0008,-80,0.1,0.58778,9.7825
16000,0.0008,-80,0.12,0.53222,9.645
16000,0.0008,-80,0.14,0.47556,9.6528
16000,0.0008,-80,0.16,0.43333,9.778
16000,0.0008,-80,0.18,0.39111,9.7373
16000,0.0008,-80,0.2,0.35667,10.004
16000,0.0009,-120,0.02,0.98222,9.7939
16000,0.0009,-120,0.04,0.97556,9.8032
16000,0.0009,-120,0.06,0.96333,9.8447
16000,0.0009,-120,0.08,0.96,9.8484
16000,0.0009,-120,0.1,0.95667,9.7662
16000,0.0009,-120,0.12,0.94111,9.5123
16000,0.0009,-120,0.14,0.93111,9.56
16000,0.0009,-120,0.16,0.92111,9.5237
16000,0.0009,-120,0.18,0.89,9.6436
16000,0.0009,-120,0.2,0.86333,9.6464
16000,0.0009,-110,0.02,0.96667,9.5847
16000,0.0009,-110,0.04,0.95111,9.7262
16000,0.0009,-110,0.06,0.94556,9.6553
16000,0.0009,-110,0.08,0.93222,9.6691
16000,0.0009,-110,0.1,0.91667,10.411
16000,0.0009,-110,0.12,0.89444,9.878
16000,0.0009,-110,0.14,0.87,10.014
16000,0.0009,-110,0.16,0.84,10.243
16000,0.0009,-110,0.18,0.8,10.167
16000,0.0009,-110,0.2,0.77556,9.8733
16000,0.0009,-100,0.02,0.94333,9.8899
16000,0.0009,-100,0.04,0.92222,9.8954
16000,0.0009,-100,0.06,0.88889,10.03
16000,0.0009,-100,0.08,0.86778,9.8266
16000,0.0009,-100,0.1,0.83556,9.8045
16000,0.0009,-100,0.12,0.80667,9.7946
16000,0.0009,-100,0.14,0.77,9.794
16000,0.0009,-100,0.16,0.73111,9.8362
16000,0.0009,-100,0.18,0.68222,10.081
16000,0.0009,-100,0.2,0.63667,9.9524
16000,0.0009,-90,0.02,0.88222,10.063
16000,0.0009,-90,0.04,0.84889,9.9709
16000,0.0009,-90,0.06,0.81667,9.9514
16000,0.0009,-90,0.08,0.78222,9.8323
16000,0.0009,-90,0.1,0.73222,9.8552
16000,0.0009,-90,0.12,0.68444,9.8798
16000,0.0009,-90,0.14,0.63333,9.7987
16000,0.0009,-90,0.16,0.57333,9.8229
16000,0.0009,-90,0.18,0.52778,9.8003
16000,0.0009,-90,0.2,0.48,9.7162
16000,0.0009,-80,0.02,0.80889,9.7636
16000,0.0009,-80,0.04,0.74889,9.7003
16000,0.0009,-80,0.06,0.68556,9.8841
16000,0.0009,-80,0.08,0.63222,9.8884
16000,0.0009,-80,0.1,0.56111,10.602
16000,0.0009,-80,0.12,0.50444,10.329
16000,0.0009,-80,0.14,0.45889,10.154
16000,0.0009,-80,0.16,0.41556,10.852
16000,0.0009,-80,0.18,0.36889,10.543
16000,0.0009,-80,0.2,0.34,9.7848
16000,0.001,-120,0.02,0.98,8.9721
16000,0.001,-120,0.04,0.97333,9.0985
16000,0.001,-120,0.06,0.96444,9.16
16000,0.001,-120,0.08,0.96,8.9725
16000,0.001,-120,0.1,0.95333,8.9329
16000,0.001,-120,0.12,0.93889,8.9396
16000,0.001,-120,0.14,0.92667,8.8895
16000,0.001,-120,0.16,0.91111,8.8952
16000,0.001,-120,0.18,0.88111,8.98
16000,0.001,-120,0.2,0.85111,8.7583
16000,0.001,-110,0.02,0.96444,8.8633
16000,0.001,-110,0.04,0.95,8.9953
16000,0.001,-110,0.06,0.94444,8.8719
16000,0.001,-110,0.08,0.93222,8.9231
16000,0.001,-110,0.1,0.91111,8.8494
16000,0.001,-110,0.12,0.89,8.7495
16000,0.001,-110,0.14,0.85778,8.7725
16000,0.001,-110,0.16,0.82222,8.7435
16000,0.001,-110,0.18,0.79333,8.7784
16000,0.001,-110,0.2,0.76111,8.7393
16000,0.001,-100,0.02,0.93778,8.7334
16000,0.001,-100,0.04,0.91889,8.9432
16000,0.001,-100,0.06,0.88667,8.834
16000,0.001,-100,0.08,0.86444,9.0007
16000,0.001,-100,0.1,0.82444,8.9632
16000,0.001,-100,0.12,0.80111,8.9084
16000,0.001,-100,0.14,0.75778,9.1048
16000,0.001,-100,0.16,0.71778,8.9097
16000,0.001,-100,0.18,0.66333,8.9912
16000,0.001,-100,0.2,0.61778,8.7909
16000,0.001,-90,0.02,0.87778,8.7712
16000,0.001,-90,0.04,0.84667,8.7826
16000,0.001,-90,0.06,0.80444,8.7589
16000,0.001,-90,0.08,0.76778,8.8155
16000,0.001,-90,0.1,0.72222,8.8007
16000,0.001,-90,0.12,0.67,8.785
16000,0.001,-90,0.14,0.60889,8.8422
16000,0.001,-90,0.16,0.56,8.8454
16000,0.001,-90,0.18,0.50444,8.7853
16000,0.001,-90,0.2,0.46222,9.2213
16000,0.001,-80,0.02,0.80111,11.224
16000,0.001,-80,0.04,0.73667,9.9129
16000,0.001,-80,0.06,0.66667,9.3513
16000,0.001,-80,0.08,0.60889,9.0374
16000,0.001,-80,0.1,0.54111,9.9297
16000,0.001,-80,0.12,0.49333,9.361
16000,0.001,-80,0.14,0.43667,8.9007
16000,0.001,-80,0.16,0.39444,8.9927
16000,0.001,-80,0.18,0.35444,9.1456
16000,0.001,-80,0.2,0.32111,9.7303
